Alabama: 32.806671, -86.7911300
Alaska: 61.595323, -150.7243650
Arizona: 33.4483771, -112.0740373
Arkansas: 34.7464809, -92.2895948
California: 36.778261, -119.4179324
Colorado: 39.7392358, -104.990251
Connecticut: 41.6032207, -73.0877496
Delaware: 39.158168, -75.524368
Florida: 30.267153, -97.7430608
Georgia: 33.7490987, -84.3882295
Hawaii: 21.306985, -157.858402
Idaho: 44.2404595, -114.4788287
Illinois: 39.7983634, -89.6549612
Indiana: 39.768403, -86.158068
Iowa: 41.591092, -93.6040808
Kansas: 39.0997265, -94.5785678
Kentucky: 38.186722, -84.875374
Louisiana: 30.6953657, -91.1392815
Maine: 44.307167, -69.782497
Maryland: 39.2903848, -76.6121893
Massachusetts: 42.360081, -71.058884
Michigan: 44.3148443, -85.6023643
Minnesota: 46.729553, -94.6858998
Mississippi: 32.2998484, -90.1851395
Missouri: 38.573936, -92.6037608
Montana: 46.8796822, -110.3625655
Nebraska: 40.8074685, -98.2690817
Nevada: 38.8026108, -116.419389
NewHampshire: 43.208137, -71.5388008
NewJersey: 40.0583238, -74.4056612
NewMexico: 34.5199402, -105.8700902
NewYork: 40.7127753, -74.0059728
NorthCarolina: 35.7795907, -78.6381787
NorthDakota: 47.5514935, -101.0020128
Ohio: 40.4172871, -82.9071204
Oklahoma: 35.4675602, -97.5164276
Oregon: 44.9338666, -123.070872
Pennsylvania: 40.274665, -76.884417
RhodeIsland: 41.680899, -71.5117801
SouthCarolina: 33.9585186, -80.9450072
SouthDakota: 44.299221, -99.4388282
Tennessee: 35.5174913, -86.5804476
Texas: 30.267153, -97.7430608
Utah: 40.7613524, -111.8910012
Vermont: 44.045876, -72.7106869
Virginia: 37.4315734, -78.6568942
Washington: 47.7510741, -120.7401385
WestVirginia: 38.5976262, -80.4549026
Wisconsin: 43.074761, -89.3985281
Wyoming: 41.1402584, -104.8202367